0 0.248191 0.616811 0.079021 0.084451
0 0.238175 0.392265 0.055648 0.063141
0 0.243461 0.254933 0.057318 0.063141
0 0.295492 0.401736 0.062326 0.085241
0 0.190039 0.639305 0.057318 0.083662
0 0.501948 0.120363 0.064552 0.090766
0 0.467446 0.132597 0.048971 0.066298
0 0.467724 0.131807 0.060657 0.078927
0 0.465776 0.636148 0.045632 0.059984
0 0.835559 0.779400 0.053979 0.070245
0 0.831664 0.776243 0.066221 0.081294
0 0.828047 0.935675 0.062326 0.095501
0 0.974402 0.241515 0.051196 0.080505
0 0.991096 0.254144 0.017807 0.055249
0 0.784919 0.389503 0.050640 0.078137
0 0.617418 0.116022 0.058431 0.067877
0 0.679188 0.086425 0.053979 0.084451
0 0.919310 0.056038 0.066778 0.082084
0 0.619644 0.025257 0.053979 0.048934
1 0.079855 0.511050 0.003895 0.100237
1 0.227045 0.741121 0.006678 0.099448
1 0.589872 0.301105 0.018920 0.128650
1 0.589594 0.495264 0.017251 0.125493
1 0.588759 0.727703 0.016694 0.176796
