0 0.165649 0.177905 0.029008 0.028694
0 0.413740 0.142755 0.036641 0.032999
0 0.506107 0.144907 0.029008 0.025825
0 0.335878 0.236729 0.039695 0.031564
0 0.383206 0.202296 0.033588 0.031564
0 0.412977 0.237446 0.032061 0.030129
0 0.362595 0.363702 0.041221 0.038737
0 0.648855 0.603300 0.033588 0.035868
0 0.719847 0.604017 0.032061 0.034433
0 0.723664 0.637016 0.033588 0.028694
0 0.545802 0.715208 0.038168 0.038737
0 0.417557 0.679340 0.038168 0.032999
0 0.485496 0.754663 0.036641 0.034433
0 0.470992 0.835007 0.032061 0.028694
0 0.378626 0.776184 0.036641 0.031564
0 0.299237 0.776184 0.039695 0.034433
0 0.249618 0.677188 0.038168 0.031564
0 0.248092 0.643472 0.035115 0.032999
0 0.302290 0.560258 0.036641 0.024390
0 0.284733 0.598996 0.038168 0.032999
0 0.351908 0.898852 0.038168 0.035868
1 0.467176 0.041607 0.045802 0.011478
1 0.225954 0.042324 0.048855 0.010043
1 0.136641 0.202296 0.035115 0.011478
1 0.134351 0.350789 0.030534 0.010043
1 0.538931 0.304878 0.012214 0.024390
1 0.180916 0.111908 0.010687 0.094692
1 0.455725 0.350072 0.044275 0.008608
1 0.125954 0.885222 0.035115 0.008608
1 0.251908 0.883788 0.036641 0.011478
1 0.438168 0.885940 0.024427 0.010043
1 0.353435 0.576758 0.050382 0.011478
1 0.456489 0.576758 0.048855 0.011478
1 0.532061 0.832855 0.010687 0.047346
1 0.873282 0.552367 0.012214 0.025825
1 0.873282 0.618364 0.012214 0.022956
1 0.870992 0.687231 0.010687 0.025825
1 0.870992 0.755380 0.013740 0.027260
1 0.258015 0.349354 0.036641 0.012912
