0 0.343693 0.131201 0.058501 0.050914
0 0.241316 0.445822 0.067642 0.056136
0 0.344150 0.451044 0.066728 0.056136
0 0.320384 0.750653 0.028336 0.065274
0 0.341865 0.824413 0.067642 0.050914
0 0.342779 0.919060 0.065814 0.054830
0 0.017824 0.939295 0.033821 0.090078
0 0.670932 0.495431 0.093236 0.045692
0 0.366088 0.973890 0.024680 0.052219
0 0.564442 0.975196 0.026508 0.049608
0 0.825868 0.558747 0.030165 0.083551
0 0.292962 0.904700 0.019196 0.020888
1 0.027879 0.325718 0.010055 0.150131
1 0.025594 0.550261 0.007313 0.152742
1 0.026965 0.748695 0.015539 0.113577
1 0.820841 0.725196 0.018282 0.244125
1 0.817642 0.959530 0.013711 0.080940
1 0.687386 0.155352 0.107861 0.020888
1 0.456124 0.152742 0.171846 0.015666
