0 0.290495 0.398230 0.033948 0.053097
0 0.340446 0.402655 0.046557 0.056047
0 0.306499 0.777286 0.048497 0.085546
0 0.395732 0.776549 0.058196 0.087021
0 0.394762 0.640118 0.046557 0.079646
0 0.586809 0.635693 0.046557 0.073746
0 0.637730 0.636431 0.041707 0.075221
0 0.722114 0.800885 0.039767 0.053097
0 0.807953 0.747050 0.044617 0.054572
0 0.849176 0.637168 0.047527 0.073746
0 0.849176 0.412242 0.047527 0.078171
0 0.870514 0.524336 0.045587 0.054572
0 0.418041 0.477876 0.038797 0.064897
0 0.427255 0.190265 0.045587 0.073746
0 0.056741 0.398230 0.045587 0.058997
1 0.230844 0.416667 0.003880 0.084071
1 0.230359 0.307522 0.004850 0.069322
1 0.486421 0.221239 0.070805 0.017699
1 0.632396 0.130531 0.186227 0.019174
1 0.532493 0.174779 0.011639 0.069322
1 0.511154 0.872419 0.087294 0.019174
1 0.669738 0.873894 0.072745 0.022124
1 0.774006 0.870206 0.038797 0.017699
1 0.877789 0.873894 0.073715 0.016224
1 0.130456 0.510324 0.090204 0.020649
