0 0.239087 0.227799 0.053571 0.054054
0 0.564484 0.230695 0.057540 0.055985
0 0.692460 0.379344 0.059524 0.052124
0 0.615079 0.408301 0.043651 0.048263
0 0.557540 0.450772 0.067460 0.063707
0 0.539683 0.560811 0.059524 0.055985
0 0.683532 0.500965 0.049603 0.044402
0 0.684524 0.445946 0.047619 0.046332
0 0.818452 0.403475 0.053571 0.054054
0 0.939484 0.587838 0.057540 0.055985
0 0.697421 0.560811 0.045635 0.040541
0 0.687500 0.812741 0.057540 0.057915
0 0.679563 0.946911 0.057540 0.059846
0 0.768849 0.949807 0.057540 0.065637
0 0.742063 0.284749 0.055556 0.059846
0 0.501984 0.229730 0.059524 0.054054
1 0.052579 0.175676 0.017857 0.081081
1 0.271825 0.526062 0.289683 0.017375
1 0.425595 0.045367 0.089286 0.017375
1 0.601190 0.045367 0.091270 0.017375
1 0.764881 0.044402 0.085317 0.015444
1 0.913690 0.350386 0.013889 0.052124
1 0.910714 0.460425 0.015873 0.048263
1 0.586310 0.631274 0.013889 0.050193
1 0.587302 0.693050 0.011905 0.050193
1 0.586310 0.755792 0.013889 0.048263
