0 0.150857 0.415254 0.021921 0.043711
0 0.185731 0.224799 0.023914 0.051740
0 0.098047 0.639607 0.026305 0.051740
0 0.087884 0.734612 0.025907 0.057984
0 0.184735 0.640054 0.025907 0.057984
0 0.365285 0.673506 0.025907 0.053524
0 0.367079 0.726583 0.023914 0.050847
0 0.365684 0.845674 0.025110 0.053524
0 0.388202 0.563782 0.019928 0.042819
0 0.409725 0.503122 0.023117 0.046387
0 0.499601 0.476360 0.026704 0.060660
0 0.473097 0.548171 0.021523 0.047279
0 0.398366 0.215433 0.032284 0.059768
0 0.404544 0.417484 0.025508 0.058876
0 0.379035 0.418822 0.023914 0.050847
0 0.151853 0.462533 0.025508 0.049063
0 0.150857 0.513381 0.023515 0.043711
0 0.797529 0.445138 0.016740 0.046387
0 0.843165 0.489741 0.025110 0.060660
0 0.935831 0.423283 0.027102 0.056200
0 0.369868 0.784567 0.019928 0.047279
0 0.411519 0.553970 0.027501 0.053524
1 0.148864 0.242640 0.033081 0.005352
1 0.086887 0.576271 0.022320 0.003568
1 0.062774 0.632471 0.002790 0.058876
1 0.154843 0.711864 0.033081 0.008921
1 0.253487 0.712310 0.035074 0.009813
1 0.250697 0.196699 0.055799 0.006244
1 0.292348 0.217663 0.013950 0.032114
1 0.348147 0.242640 0.032284 0.005352
1 0.105420 0.484389 0.001993 0.041035
1 0.105819 0.548171 0.003587 0.038359
1 0.324631 0.764942 0.001993 0.057984
1 0.445994 0.714541 0.034277 0.007136
1 0.407134 0.733274 0.001993 0.026762
1 0.445795 0.197145 0.033081 0.007136
1 0.209247 0.219001 0.015943 0.034790
1 0.925867 0.486173 0.005580 0.058876
1 0.546034 0.462979 0.003189 0.062444
