0 0.183369 0.481855 0.027719 0.044355
0 0.135928 0.668347 0.026652 0.054435
0 0.320896 0.292339 0.029851 0.056452
0 0.292111 0.406250 0.034115 0.054435
0 0.284115 0.245968 0.039446 0.060484
0 0.436034 0.340726 0.029851 0.052419
0 0.533582 0.460685 0.020256 0.034274
0 0.555437 0.659274 0.031983 0.052419
0 0.592751 0.714718 0.034115 0.070565
0 0.649254 0.777218 0.038380 0.070565
0 0.653518 0.575605 0.031983 0.058468
0 0.711620 0.586694 0.041578 0.064516
0 0.841151 0.775202 0.049041 0.106855
0 0.890192 0.775202 0.046908 0.102823
1 0.545309 0.187500 0.086354 0.020161
1 0.154051 0.288306 0.071429 0.016129
1 0.265991 0.287298 0.047974 0.018145
1 0.172708 0.870968 0.072495 0.024194
1 0.318763 0.871976 0.072495 0.030242
1 0.428038 0.866935 0.030917 0.012097
1 0.593817 0.868952 0.036247 0.020161
