0 0.300761 0.276690 0.040609 0.055160
0 0.101523 0.328292 0.032995 0.048043
0 0.142766 0.326512 0.034264 0.048043
0 0.136421 0.159253 0.034264 0.040925
0 0.039340 0.535587 0.038071 0.060498
0 0.140228 0.489324 0.039340 0.064057
0 0.267766 0.530249 0.045685 0.056940
0 0.493020 0.372776 0.041878 0.055160
0 0.790609 0.363879 0.043147 0.058719
0 0.790609 0.516014 0.043147 0.060498
0 0.460025 0.711744 0.041878 0.067616
0 0.627538 0.710854 0.041878 0.058719
0 0.361041 0.716192 0.039340 0.062278
0 0.305203 0.774911 0.046954 0.072954
0 0.273477 0.887900 0.046954 0.085409
0 0.148477 0.419929 0.038071 0.049822
0 0.045685 0.679715 0.043147 0.060498
1 0.142132 0.094306 0.020305 0.010676
1 0.306472 0.092527 0.024112 0.010676
1 0.055203 0.153915 0.006345 0.033808
1 0.053934 0.231317 0.006345 0.032028
1 0.056472 0.363879 0.006345 0.072954
1 0.151650 0.819395 0.082487 0.012456
1 0.366751 0.892349 0.022843 0.008897
1 0.494924 0.891459 0.081218 0.007117
1 0.663071 0.889680 0.079949 0.010676
1 0.925127 0.638790 0.010152 0.067616
1 0.843909 0.393238 0.048223 0.010676
1 0.835025 0.887900 0.114213 0.010676
1 0.583122 0.401246 0.135787 0.008897
1 0.324239 0.151246 0.008883 0.103203
1 0.396574 0.306940 0.110406 0.008897
1 0.455584 0.349644 0.007614 0.065836
