0 0.336830 0.294851 0.044289 0.049075
0 0.116939 0.334272 0.052059 0.045857
0 0.087413 0.257442 0.025641 0.027353
0 0.149184 0.285599 0.021756 0.019308
0 0.261461 0.156879 0.030303 0.028962
0 0.233877 0.156476 0.029526 0.028158
0 0.202797 0.166533 0.041958 0.038616
0 0.742813 0.326227 0.018648 0.021722
0 0.719114 0.327836 0.019425 0.020113
0 0.599068 0.353982 0.029526 0.032180
0 0.569153 0.400241 0.030303 0.028158
0 0.719114 0.335479 0.042735 0.035398
0 0.569930 0.428399 0.030303 0.026549
1 0.455322 0.191874 0.006216 0.092518
1 0.342657 0.474256 0.128982 0.010459
1 0.554779 0.291633 0.012432 0.061947
1 0.937451 0.292035 0.010101 0.096541
1 0.685315 0.475865 0.059052 0.007241
0 0.454545 0.808930 0.031080 0.036203
