0 0.084693 0.258648 0.029526 0.029767
0 0.147630 0.288415 0.027972 0.028158
0 0.115773 0.333467 0.054390 0.049075
0 0.338384 0.294851 0.047397 0.053902
0 0.261849 0.157281 0.031080 0.026549
0 0.232323 0.156879 0.027972 0.028962
0 0.202797 0.166130 0.041958 0.041030
0 0.743201 0.327434 0.019425 0.019308
0 0.721834 0.325825 0.023310 0.019308
0 0.602176 0.356396 0.035742 0.032180
0 0.567599 0.401046 0.034965 0.029767
0 0.567599 0.428399 0.033411 0.024940
0 0.454545 0.809332 0.032634 0.037007
0 0.712898 0.339099 0.030303 0.034594
1 0.340715 0.475060 0.126651 0.008850
1 0.456488 0.193081 0.008547 0.096541
1 0.554390 0.294449 0.011655 0.061142
1 0.681818 0.476267 0.050505 0.008045
1 0.937840 0.290426 0.010878 0.093323
